Cap = 
0.8352411999160273,
0.007517638641860724,
0.38248964151241605,
0.20514302535686157,
0.194834734433028,
0.0853878201950028,
0.4877179988490976,
0.31347575226742164,
0.48150803591229474,
0.059115648923970476,
0.6394215635450583,
0.9199859618406842,
0.07051352004493261,
0.5765828253223522,
0.5519353986286938,
0.40046919506326695,
0.6978392691778413,
0.09144196343984679,
0.15783353288941182,
0.5556029663992326,
0.8226427317197333,
0.9364474634708738,
0.5787338791126084,
0.37967201143188223,
0.7208064402489838,
0.40308801698092545,
0.2874712006111,
0.5050600188437585,
0.19111980023104358,
0.22716765575830944,
0.7392672870386402,
0.6964150578638426,
